0.0
0.0490676743274
0.0980171403296
0.146730474455
0.195090322016
0.242980179903
0.290284677254
0.336889853392
0.382683432365
0.42755509343
0.471396736826
0.514102744193
0.55557023302
0.595699304492
0.634393284164
0.671558954847
0.707106781187
0.740951125355
0.773010453363
0.803207531481
0.831469612303
0.85772861
0.881921264348
0.903989293123
0.923879532511
0.941544065183
0.956940335732
0.970031253195
0.980785280403
0.989176509965
0.995184726672
0.998795456205
1.0
0.998795456205
0.995184726672
0.989176509965
0.980785280403
0.970031253195
0.956940335732
0.941544065183
0.923879532511
0.903989293123
0.881921264348
0.85772861
0.831469612303
0.803207531481
0.773010453363
0.740951125355
0.707106781187
0.671558954847
0.634393284164
0.595699304492
0.55557023302
0.514102744193
0.471396736826
0.42755509343
0.382683432365
0.336889853392
0.290284677254
0.242980179903
0.195090322016
0.146730474455
0.0980171403296
0.0490676743274
1.22464679915e-16
-0.0490676743274
-0.0980171403296
-0.146730474455
-0.195090322016
-0.242980179903
-0.290284677254
-0.336889853392
-0.382683432365
-0.42755509343
-0.471396736826
-0.514102744193
-0.55557023302
-0.595699304492
-0.634393284164
-0.671558954847
-0.707106781187
-0.740951125355
-0.773010453363
-0.803207531481
-0.831469612303
-0.85772861
-0.881921264348
-0.903989293123
-0.923879532511
-0.941544065183
-0.956940335732
-0.970031253195
-0.980785280403
-0.989176509965
-0.995184726672
-0.998795456205
-1.0
-0.998795456205
-0.995184726672
-0.989176509965
-0.980785280403
-0.970031253195
-0.956940335732
-0.941544065183
-0.923879532511
-0.903989293123
-0.881921264348
-0.85772861
-0.831469612303
-0.803207531481
-0.773010453363
-0.740951125355
-0.707106781187
-0.671558954847
-0.634393284164
-0.595699304492
-0.55557023302
-0.514102744193
-0.471396736826
-0.42755509343
-0.382683432365
-0.336889853392
-0.290284677254
-0.242980179903
-0.195090322016
-0.146730474455
-0.0980171403296
-0.0490676743274
0.0
0.0490676743274
0.0980171403296
0.146730474455
0.195090322016
0.242980179903
0.290284677254
0.336889853392
0.382683432365
0.42755509343
0.471396736826
0.514102744193
0.55557023302
0.595699304492
0.634393284164
0.671558954847
0.707106781187
0.740951125355
0.773010453363
0.803207531481
0.831469612303
0.85772861
0.881921264348
0.903989293123
0.923879532511
0.941544065183
0.956940335732
0.970031253195
0.980785280403
0.989176509965
0.995184726672
0.998795456205
1.0
0.998795456205
0.995184726672
0.989176509965
0.980785280403
0.970031253195
0.956940335732
0.941544065183
0.923879532511
0.903989293123
0.881921264348
0.85772861
0.831469612303
0.803207531481
0.773010453363
0.740951125355
0.707106781187
0.671558954847
0.634393284164
0.595699304492
0.55557023302
0.514102744193
0.471396736826
0.42755509343
0.382683432365
0.336889853392
0.290284677254
0.242980179903
0.195090322016
0.146730474455
0.0980171403296
0.0490676743274
1.22464679915e-16
-0.0490676743274
-0.0980171403296
-0.146730474455
-0.195090322016
-0.242980179903
-0.290284677254
-0.336889853392
-0.382683432365
-0.42755509343
-0.471396736826
-0.514102744193
-0.55557023302
-0.595699304492
-0.634393284164
-0.671558954847
-0.707106781187
-0.740951125355
-0.773010453363
-0.803207531481
-0.831469612303
-0.85772861
-0.881921264348
-0.903989293123
-0.923879532511
-0.941544065183
-0.956940335732
-0.970031253195
-0.980785280403
-0.989176509965
-0.995184726672
-0.998795456205
-1.0
-0.998795456205
-0.995184726672
-0.989176509965
-0.980785280403
-0.970031253195
-0.956940335732
-0.941544065183
-0.923879532511
-0.903989293123
-0.881921264348
-0.85772861
-0.831469612303
-0.803207531481
-0.773010453363
-0.740951125355
-0.707106781187
-0.671558954847
-0.634393284164
-0.595699304492
-0.55557023302
-0.514102744193
-0.471396736826
-0.42755509343
-0.382683432365
-0.336889853392
-0.290284677254
-0.242980179903
-0.195090322016
-0.146730474455
-0.0980171403296
-0.0490676743274
0.0
0.03125
0.0625
0.09375
0.125
0.15625
0.1875
0.21875
0.25
0.28125
0.3125
0.34375
0.375
0.40625
0.4375
0.46875
0.5
0.53125
0.5625
0.59375
0.625
0.65625
0.6875
0.71875
0.75
0.78125
0.8125
0.84375
0.875
0.90625
0.9375
0.96875
1.0
0.96875
0.9375
0.90625
0.875
0.84375
0.8125
0.78125
0.75
0.71875
0.6875
0.65625
0.625
0.59375
0.5625
0.53125
0.5
0.46875
0.4375
0.40625
0.375
0.34375
0.3125
0.28125
0.25
0.21875
0.1875
0.15625
0.125
0.09375
0.0625
0.03125
0.0
-0.03125
-0.0625
-0.09375
-0.125
-0.15625
-0.1875
-0.21875
-0.25
-0.28125
-0.3125
-0.34375
-0.375
-0.40625
-0.4375
-0.46875
-0.5
-0.53125
-0.5625
-0.59375
-0.625
-0.65625
-0.6875
-0.71875
-0.75
-0.78125
-0.8125
-0.84375
-0.875
-0.90625
-0.9375
-0.96875
0.0
0.03125
0.0625
0.09375
0.125
0.15625
0.1875
0.21875
0.25
0.28125
0.3125
0.34375
0.375
0.40625
0.4375
0.46875
0.5
0.53125
0.5625
0.59375
0.625
0.65625
0.6875
0.71875
0.75
0.78125
0.8125
0.84375
0.875
0.90625
0.9375
0.96875
0.0
0.03125
0.0625
0.09375
0.125
0.15625
0.1875
0.21875
0.25
0.28125
0.3125
0.34375
0.375
0.40625
0.4375
0.46875
0.5
0.53125
0.5625
0.59375
0.625
0.65625
0.6875
0.71875
0.75
0.78125
0.8125
0.84375
0.875
0.90625
0.9375
0.96875
1.0
0.96875
0.9375
0.90625
0.875
0.84375
0.8125
0.78125
0.75
0.71875
0.6875
0.65625
0.625
0.59375
0.5625
0.53125
0.5
0.46875
0.4375
0.40625
0.375
0.34375
0.3125
0.28125
0.25
0.21875
0.1875
0.15625
0.125
0.09375
0.0625
0.03125
0.0
-0.03125
-0.0625
-0.09375
-0.125
-0.15625
-0.1875
-0.21875
-0.25
-0.28125
-0.3125
-0.34375
-0.375
-0.40625
-0.4375
-0.46875
-0.5
-0.53125
-0.5625
-0.59375
-0.625
-0.65625
-0.6875
-0.71875
-0.75
-0.78125
-0.8125
-0.84375
-0.875
-0.90625
-0.9375
-0.96875
0.0
0.03125
0.0625
0.09375
0.125
0.15625
0.1875
0.21875
0.25
0.28125
0.3125
0.34375
0.375
0.40625
0.4375
0.46875
0.5
0.53125
0.5625
0.59375
0.625
0.65625
0.6875
0.71875
0.75
0.78125
0.8125
0.84375
0.875
0.90625
0.9375
0.96875
